[LEFT_CAM_2K]
fx=1067.21
fy=1067.3
cx=1082.16
cy=576.565
k1=-0.0669094
k2=0.0499845
p1=0.000162069
p2=0.00091435
k3=-0.0207687

[RIGHT_CAM_2K]
fx=1068.61
fy=1068.74
cx=1097.86
cy=610.958
k1=-0.0703496
k2=0.0548691
p1=-0.000416388
p2=-0.000125703
k3=-0.0230344

[LEFT_CAM_FHD]
fx=1067.21
fy=1067.3
cx=938.16
cy=495.565
k1=-0.0669094
k2=0.0499845
p1=0.000162069
p2=0.00091435
k3=-0.0207687

[RIGHT_CAM_FHD]
fx=1068.61
fy=1068.74
cx=953.86
cy=529.958
k1=-0.0703496
k2=0.0548691
p1=-0.000416388
p2=-0.000125703
k3=-0.0230344

[LEFT_CAM_HD]
fx=533.605
fy=533.65
cx=627.58
cy=336.2825
k1=-0.0669094
k2=0.0499845
p1=0.000162069
p2=0.00091435
k3=-0.0207687

[RIGHT_CAM_HD]
fx=534.305
fy=534.37
cx=635.43
cy=353.479
k1=-0.0703496
k2=0.0548691
p1=-0.000416388
p2=-0.000125703
k3=-0.0230344

[LEFT_CAM_VGA]
fx=266.8025
fy=266.825
cx=329.29
cy=175.64125
k1=-0.0669094
k2=0.0499845
p1=0.000162069
p2=0.00091435
k3=-0.0207687

[RIGHT_CAM_VGA]
fx=267.1525
fy=267.185
cx=333.215
cy=184.2395
k1=-0.0703496
k2=0.0548691
p1=-0.000416388
p2=-0.000125703
k3=-0.0230344

[LEFT_DISTO]
k1=-1.47434
k2=2.98946
k3=0.0759129
k4=-1.38369
k5=2.8338
k6=0.253729
p1=0.000161841
p2=0.000399374

[RIGHT_DISTO]
k1=-1.48236
k2=4.07435
k3=-0.180905
k4=-1.3898
k5=3.93483
k6=0.0174315
p1=-0.000434215
p2=-0.000120123

[STEREO]
Baseline=119.898
TY=-0.091723
TZ=0.453078
CV_2K=0.00624683
CV_FHD=0.00624683
CV_HD=0.00624683
CV_VGA=0.00624683
RX_2K=0.00279289
RX_FHD=0.00279289
RX_HD=0.00279289
RX_VGA=0.00279289
RZ_2K=0.00122693
RZ_FHD=0.00122693
RZ_HD=0.00122693
RZ_VGA=0.00122693

[MISC]
Sensor_ID=0
